235984
236653
236880
237085
237202
237479
237494
237504
237784
237840
237970
238200
238326
238811
238849
238879
239144
239188
239418
239555
239824
240023
240077
240104
240411
240535
240778
240819
240883
240992
241026
241080
241266
241313
241369
241425
241824
241825
241921
242019
242105
242119
242134
242161
242208
242310
242377
242423
242452
242581
242761
242791
242891
242978
243013
243131
243266
243298
243353
243406
243496
243574
243638
243656
243766
243792
243821
243950
243998
244017
244134
244221
244228
244251
244285
244356
244366
244532
244559
244808
244893
244978
245025
245373
245439
245441
245506
245690
245736
246050
246088
246208
246440
246934
247284
247376
247564
247669
247689
247880
247885
248167
248761
248762
249379
249776
249973
