224552
226849
228875
233289
233836
235162
235372
235392
236343
236519
236524
236635
236849
236863
236919
236959
236978
236994
237046
237055
237070
237072
237169
237174
237211
237382
237464
237477
237500
237509
237528
237575
237588
237611
237612
237654
237790
237812
237875
237877
237952
237972
238072
238078
238197
238284
238355
238394
238435
238533
238542
238555
238629
238646
238710
238731
238816
238840
238869
238890
238901
238945
239000
239063
239070
239098
239113
239144
239176
239188
239205
239222
239228
239266
239315
239366
239400
239431
239450
239501
239504
239555
239596
239626
239631
239685
239724
239768
239791
239806
239822
239879
239883
239888
239992
239993
240011
240023
240100
240132
240155
240189
240279
240342
240409
240472
240475
240506
240728
240735
240750
240761
240778
240804
240806
240883
240913
240930
241006
241029
241040
241047
241048
241081
241096
241109
241115
241119
241157
241164
241188
241195
241212
241227
241266
241274
241297
241313
241336
241369
241402
241440
241451
241473
241516
241567
241571
241623
241637
241662
241779
241812
241824
241825
241908
241912
241921
241928
241944
241992
242019
242036
242105
242123
242127
242134
242136
242161
242166
242187
242207
242263
242275
242310
242325
242346
242369
242377
242406
242436
242442
242467
242487
242557
242581
242612
242673
242691
242748
242780
242788
242791
242847
242909
242922
242954
243047
243105
243131
243134
243217
243312
243326
243333
243351
243353
243406
243409
243416
243423
243437
243439
243443
243572
243597
243608
243656
243708
243766
243791
243802
243826
243827
243841
243855
243869
243906
243950
243998
244012
244059
244072
244092
244109
244151
244183
244188
244202
244221
244228
244280
244285
244350
244356
244364
244366
244389
244405
244480
244481
244532
244543
244550
244626
244665
244808
244880
244893
244903
244962
244967
244984
244997
245080
245161
245174
245238
245248
245250
245253
245261
245311
245321
245329
245423
245439
245506
245523
245539
245545
245554
245706
245718
245752
245784
245792
245819
245882
245890
245975
245979
246017
246021
246024
246041
246069
246073
246077
246090
246123
246129
246197
246265
246386
246410
246421
246453
246510
246589
246664
246773
246777
246841
246871
246934
246941
246945
247052
247082
247152
247252
247309
247398
247465
247531
247533
247615
247641
247696
247721
247968
247992
247996
248072
248167
248169
248187
248203
248235
248326
248360
248462
248495
248586
248631
248657
248804
248917
248939
248943
249016
249108
249168
249302
249311
249317
249379
249434
249450
249644
249716
249751
249833
250047
250532
