233289
234793
236051
236110
236318
236756
236906
236992
237038
237436
237496
237713
237796
237829
237871
237911
237947
238038
238354
238547
238679
238707
238740
239122
239245
239436
239453
239634
239661
239709
239748
240228
240272
240420
240517
240537
241022
241052
241108
241153
241240
241346
241390
241911
242027
242045
242171
242313
242365
242441
242592
242595
242598
243311
243387
243511
243543
243571
243574
243642
243711
244719
244924
245002
245030
245205
245259
245449
245488
245532
245647
245712
245857
245888
245924
246005
246081
246089
246150
246180
246418
246679
246763
246770
246788
246794
246889
246978
247002
247060
247351
247355
247617
247678
247695
247707
247964
248020
248221
248259
248481
249032
249500
249891
